thrust1 = 2298.387;
thrust0 = 2500.000;
MU = 3.5316e12;
R = 6e5;
FR = 0.5;

mMax = 113;
mMin = 20;

Cvx = 1;
Cvy = 1;
Ch = 1e-6;
Cm = 0.01;

tarVx = 2879;
tarVy = 0;
tarH = 80000;
